batch: 32
drop1: 0.32050616791034486
drop2: 0.36852354294760564
lr: 0.011465248301667315
units1: 137
units2: 81
