batch: 32
drop1: 0.2416399303440002
drop2: 0.15078970643111075
lr: 0.007417234858115561
units1: 110
units2: 59
